3.658691e-32
1.806248e-01
-1.001558e+00
5.181702e-31
-9.143352e-32
1.578227e-30
3.093713e-32
3.636667e-01
-1.708285e+00
9.912307e-31
-9.000839e-31
1.028438e-30
3.958444e-32
5.522091e-01
-2.118755e+00
4.864860e-32
-8.537398e-32
-1.043294e-30
2.748571e-32
7.565741e-01
-2.219531e+00
-2.218397e-31
3.952490e-31
1.925920e-33
7.301826e-33
9.525638e-01
-1.986141e+00
-6.714996e-31
9.126501e-31
-7.641127e-31
-2.698936e-33
1.138174e+00
-1.452555e+00
1.205453e-31
1.549480e-31
-3.590294e-40
-4.647278e-33
1.320012e+00
-6.236030e-01
1.138760e-38
-8.816213e-39
3.673419e-39
0.000000e+00
1.500000e+00
5.000000e-01
0.000000e+00
0.000000e+00
0.000000e+00
