-2.708663e-32
2.071474e-01
-8.458182e-01
1.206777e-30
8.658665e-31
8.613832e-31
-3.444632e-32
4.182654e-01
-1.396094e+00
4.018012e-31
-4.942529e-31
4.607199e-32
-3.016671e-32
6.394347e-01
-1.645970e+00
-4.794635e-31
-5.249164e-32
5.448118e-31
-2.072420e-32
8.699095e-01
-1.566020e+00
-1.434801e-41
5.978549e-41
7.647152e-40
-9.173442e-33
1.085074e+00
-1.173651e+00
5.510275e-40
-1.235290e-40
4.795143e-40
-6.467650e-34
1.293941e+00
-4.843344e-01
4.371497e-41
1.086077e-40
-3.124645e-41
0.000000e+00
1.500000e+00
5.000000e-01
0.000000e+00
0.000000e+00
0.000000e+00
