1.248910e-32
1.601151e-01
-1.155867e+00
-2.567985e-30
7.544007e-30
9.764353e-31
1.986721e-32
3.217903e-01
-2.017180e+00
7.575057e-31
7.917992e-31
2.019266e-31
1.134741e-32
4.865992e-01
-2.583445e+00
-2.340872e-30
-5.854827e-32
-5.516088e-32
-7.663073e-33
6.601227e-01
-2.851424e+00
2.681256e-31
-3.562390e-32
2.984145e-31
-1.000012e-32
8.468842e-01
-2.786580e+00
-6.124457e-32
-2.657784e-32
4.896677e-32
-3.552836e-33
1.015930e+00
-2.408129e+00
-2.749677e-32
-1.801000e-31
5.904506e-39
-6.901275e-34
1.179283e+00
-1.733435e+00
7.523857e-39
2.416397e-40
-2.305726e-39
6.778503e-35
1.340276e+00
-7.639602e-01
-4.408104e-39
-8.816207e-39
-1.331615e-38
0.000000e+00
1.500000e+00
5.000000e-01
0.000000e+00
0.000000e+00
0.000000e+00
