1.357215e-01
-1.088080e-32
-9.155433e-01
-1.377454e-30
-1.695247e-30
2.115032e-31
2.737668e-01
-2.200863e-32
-1.536356e+00
1.198857e-31
9.312593e-31
-2.498232e-31
4.180588e-01
-2.815604e-32
-1.860809e+00
4.579313e-33
6.030567e-33
-8.774417e-32
5.819412e-01
-2.238496e-32
-1.860809e+00
6.164180e-32
-1.083938e-32
5.257789e-32
7.262332e-01
1.278630e-33
-1.536356e+00
-1.725994e-31
-2.614450e-32
1.693322e-31
8.642785e-01
1.639027e-32
-9.155433e-01
-5.672891e-32
-1.931866e-31
8.816207e-39
1.000000e+00
0.000000e+00
0.000000e+00
0.000000e+00
0.000000e+00
0.000000e+00
