1.051589e-01
-2.749805e-32
-1.210076e+00
-2.712451e-32
1.795157e-30
6.290806e-31
2.112592e-01
-4.167257e-32
-2.125757e+00
-4.639851e-30
2.796065e-30
1.702906e-31
3.192119e-01
-4.160819e-32
-2.746869e+00
6.923581e-31
1.272433e-30
-4.921799e-31
4.323490e-01
-2.563374e-32
-3.072340e+00
-3.926494e-31
-2.304953e-30
1.560984e-31
5.676510e-01
-2.055867e-32
-3.072340e+00
-4.930381e-32
-3.451267e-31
6.628088e-31
6.807881e-01
-6.109800e-32
-2.746869e+00
1.231317e-30
2.749972e-31
-1.662981e-38
7.887408e-01
-2.797441e-32
-2.125757e+00
-2.350742e-38
-9.240285e-38
3.622394e-38
8.948411e-01
1.037403e-32
-1.210076e+00
-9.403955e-38
9.403955e-38
-2.130584e-38
1.000000e+00
0.000000e+00
0.000000e+00
0.000000e+00
0.000000e+00
0.000000e+00
