1.192929e-01
2.345948e-32
-1.062844e+00
1.345516e-30
5.450275e-31
-9.685053e-32
2.400277e-01
3.004043e-32
-1.831194e+00
-1.049068e-30
-6.381613e-32
7.165972e-32
3.640003e-01
2.534484e-32
-2.304567e+00
-1.207226e-31
-5.491029e-33
7.349731e-32
5.000000e-01
1.457890e-32
-2.477666e+00
4.819246e-32
-6.537351e-32
4.943007e-38
6.359997e-01
5.287639e-33
-2.304567e+00
-1.186415e-38
5.588352e-39
-2.822814e-38
7.599723e-01
-1.173467e-32
-1.831194e+00
3.618501e-39
-2.295248e-38
1.315392e-38
8.807071e-01
-1.150898e-32
-1.062844e+00
-2.904631e-39
-1.920757e-40
-3.727851e-38
1.000000e+00
0.000000e+00
0.000000e+00
0.000000e+00
0.000000e+00
0.000000e+00
