1.192929e-01
-3.837204e-33
-1.062844e+00
-6.417945e-30
3.191892e-30
-6.797826e-31
2.400277e-01
-2.840949e-34
-1.831194e+00
1.992420e-30
2.428365e-31
4.997031e-32
3.640003e-01
1.544578e-33
-2.304567e+00
-1.134814e-32
2.462988e-31
7.253863e-31
5.000000e-01
-9.096979e-33
-2.477666e+00
4.930382e-32
-1.881761e-31
1.728421e-32
6.359997e-01
-2.346267e-32
-2.304567e+00
-3.940934e-31
-3.173812e-31
5.777555e-34
7.599723e-01
-2.111537e-32
-1.831194e+00
-2.237417e-32
9.932274e-32
1.480244e-38
8.807071e-01
-1.310729e-32
-1.062844e+00
2.802597e-45
1.293044e-37
9.403955e-38
1.000000e+00
0.000000e+00
0.000000e+00
0.000000e+00
0.000000e+00
0.000000e+00
